../data/TD2003/Fold1/trainlog_ListMLE.txt.1.1 0.243637524603 0.243251926405 0.2022233936 0.202505654195
../data/TD2003/Fold1/trainlog_ListMLE.txt.1.2 0.240790433969 0.239769481612 0.201764806428 0.210834540194
../data/TD2003/Fold1/trainlog_ListMLE.txt.1.3 0.251309057131 0.251072055909 0.214152583616 0.211912969875
../data/TD2003/Fold1/trainlog_ListMLE.txt.1.4 0.244142471401 0.24059814389 0.212207731072 0.213728729522
../data/TD2003/Fold1/trainlog_ListMLE.txt.1.5 0.246200637004 0.243605124324 0.20352092416 0.204388020196
../data/TD2003/Fold1/trainlog_ListMLE.txt.1.6 0.245772321226 0.243892818039 0.216185308898 0.216265693769
../data/TD2003/Fold1/trainlog_ListMLE.txt.1.7 0.248178706277 0.245538002717 0.205597276063 0.207937563192
../data/TD2003/Fold1/trainlog_ListMLE.txt.1.8 0.243555744722 0.240579958533 0.211502252178 0.207073759346
../data/TD2003/Fold1/trainlog_ListMLE.txt.1.9 0.245845714056 0.242016479717 0.233625421723 0.233816053694
../data/TD2003/Fold1/trainlog_ListMLE.txt.1.10 0.248388958497 0.247780401603 0.202075591826 0.207673403739
../data/TD2003/Fold2/trainlog_ListMLE.txt.1.1 0.208047534429 0.191238618073 0.270041028775 0.299687027388
../data/TD2003/Fold2/trainlog_ListMLE.txt.1.2 0.206650054469 0.19337774675 0.270736735216 0.299870736033
../data/TD2003/Fold2/trainlog_ListMLE.txt.1.3 0.204838110988 0.187759354166 0.257891556308 0.273240193668
../data/TD2003/Fold2/trainlog_ListMLE.txt.1.4 0.207428557031 0.189626361329 0.251626191386 0.265659256715
../data/TD2003/Fold2/trainlog_ListMLE.txt.1.5 0.204557865133 0.194081686763 0.263645179778 0.297566670152
../data/TD2003/Fold2/trainlog_ListMLE.txt.1.6 0.204776327764 0.188212138959 0.268334850328 0.29956291028
../data/TD2003/Fold2/trainlog_ListMLE.txt.1.7 0.201203694941 0.18783112041 0.267137449208 0.280072218398
../data/TD2003/Fold2/trainlog_ListMLE.txt.1.8 0.205689564094 0.193499270405 0.245802163692 0.267062937846
../data/TD2003/Fold2/trainlog_ListMLE.txt.1.9 0.206416755766 0.19558089429 0.264181869901 0.298107461843
../data/TD2003/Fold2/trainlog_ListMLE.txt.1.10 0.203336472218 0.187860348036 0.254300553163 0.270845423062
../data/TD2003/Fold3/trainlog_ListMLE.txt.1.1 0.304879195279 0.287420367767 0.243827868898 0.202189756235
../data/TD2003/Fold3/trainlog_ListMLE.txt.1.2 0.308402728108 0.299547669397 0.297439123629 0.322314985899
../data/TD2003/Fold3/trainlog_ListMLE.txt.1.3 0.307689139678 0.297704423533 0.22230843187 0.229091615385
../data/TD2003/Fold3/trainlog_ListMLE.txt.1.4 0.306107072896 0.293104307077 0.228123853681 0.209146588826
../data/TD2003/Fold3/trainlog_ListMLE.txt.1.5 0.30581779482 0.301386496725 0.281292160534 0.275756586387
../data/TD2003/Fold3/trainlog_ListMLE.txt.1.6 0.31202821091 0.300267440745 0.284198992112 0.267471990222
../data/TD2003/Fold3/trainlog_ListMLE.txt.1.7 0.312077190226 0.300683391616 0.269727092586 0.273777301827
../data/TD2003/Fold3/trainlog_ListMLE.txt.1.8 0.30500286385 0.29198812396 0.255426916011 0.208334946724
../data/TD2003/Fold3/trainlog_ListMLE.txt.1.9 0.307206705291 0.300891263397 0.317907491154 0.240591740682
../data/TD2003/Fold3/trainlog_ListMLE.txt.1.10 0.306549568652 0.296354443748 0.278348602768 0.278230482306
../data/TD2003/Fold4/trainlog_ListMLE.txt.1.1 0.329221383614 0.195778951013 0.204116192962 0.268408864216
../data/TD2003/Fold4/trainlog_ListMLE.txt.1.2 0.335645767919 0.199352845024 0.257515844405 0.28612546546
../data/TD2003/Fold4/trainlog_ListMLE.txt.1.3 0.355023729707 0.216985070024 0.21578588173 0.280967474661
../data/TD2003/Fold4/trainlog_ListMLE.txt.1.4 0.356927451422 0.215887754147 0.263412832681 0.281029725761
../data/TD2003/Fold4/trainlog_ListMLE.txt.1.5 0.346694620385 0.235141794728 0.206307364317 0.283472413134
../data/TD2003/Fold4/trainlog_ListMLE.txt.1.6 0.346846296724 0.248218653186 0.204815952744 0.247070618427
../data/TD2003/Fold4/trainlog_ListMLE.txt.1.7 0.354355049722 0.23065580152 0.239394831977 0.24986988741
../data/TD2003/Fold4/trainlog_ListMLE.txt.1.8 0.351348675221 0.21247223141 0.210377880004 0.289530111909
../data/TD2003/Fold4/trainlog_ListMLE.txt.1.9 0.352397082716 0.231298610144 0.221091037621 0.268199415483
../data/TD2003/Fold4/trainlog_ListMLE.txt.1.10 0.356548479479 0.191288138573 0.244761279486 0.272398673363
../data/TD2003/Fold5/trainlog_ListMLE.txt.1.1 0.397860219502 0.371846796925 0.232908125163 0.2332680205
../data/TD2003/Fold5/trainlog_ListMLE.txt.1.2 0.401032111593 0.400373430411 0.239787847093 0.238478556317
../data/TD2003/Fold5/trainlog_ListMLE.txt.1.3 0.40141190124 0.397666172138 0.235011905041 0.234682221116
../data/TD2003/Fold5/trainlog_ListMLE.txt.1.4 0.400448257132 0.397748510865 0.243862845472 0.243432133533
../data/TD2003/Fold5/trainlog_ListMLE.txt.1.5 0.40070780862 0.396627747842 0.234334247987 0.23496978727
../data/TD2003/Fold5/trainlog_ListMLE.txt.1.6 0.400830652586 0.40009133397 0.244379593186 0.245207959944
../data/TD2003/Fold5/trainlog_ListMLE.txt.1.7 0.401478330995 0.401236822794 0.236063770395 0.235963860208
../data/TD2003/Fold5/trainlog_ListMLE.txt.1.8 0.401333980351 0.397975832 0.242265843387 0.242336535843
../data/TD2003/Fold5/trainlog_ListMLE.txt.1.9 0.399046444361 0.398350447044 0.242738168745 0.24197525527
../data/TD2003/Fold5/trainlog_ListMLE.txt.1.10 0.40041628068 0.400099496109 0.241556758003 0.231661230004