precision of query0:	0	0	0	0.25	0.2	0.166666666666667	0.142857142857143	0.125	0.111111111111111	0.1	0.0909090909090909	0.0833333333333333	0.0769230769230769	0.0714285714285714	0.0666666666666667	0.0625	0.0588235294117647	
precision of query1:	0	0	0	0.25	0.2	0.166666666666667	0.142857142857143	0.25	0.222222222222222	0.2	0.181818181818182	0.166666666666667	0.153846153846154	0.142857142857143	0.133333333333333	0.1875	0.176470588235294	
precision of query2:	1	0.5	0.333333333333333	0.25	0.4	0.333333333333333	0.428571428571429	0.375	0.444444444444444	0.4	0.363636363636364	0.416666666666667	0.384615384615385	0.428571428571429	0.4	0.375	0.352941176470588	
precision of query3:	1	0.5	0.333333333333333	0.5	0.4	0.333333333333333	0.285714285714286	0.25	0.222222222222222	0.2	0.181818181818182	0.166666666666667	0.153846153846154	0.142857142857143	0.133333333333333	0.125	0.117647058823529	
precision of query4:	0	0	0	0	0	0	0	0	0	0	0	0	0	0	0	0	0	
precision of query5:	0	0	0	0	0	0	0	0	0	0	0	0	0.0769230769230769	0.0714285714285714	0.0666666666666667	0.0625	0.0588235294117647	
precision of query6:	0	0.5	0.333333333333333	0.25	0.4	0.333333333333333	0.285714285714286	0.25	0.222222222222222	0.3	0.272727272727273	0.25	0.230769230769231	0.285714285714286	0.266666666666667	0.25	0.235294117647059	
precision of query7:	0	0	0	0.25	0.2	0.166666666666667	0.142857142857143	0.125	0.111111111111111	0.2	0.181818181818182	0.166666666666667	0.153846153846154	0.142857142857143	0.133333333333333	0.1875	0.176470588235294	
precision of query8:	1	0.5	0.666666666666667	0.5	0.4	0.333333333333333	0.285714285714286	0.25	0.222222222222222	0.2	0.181818181818182	0.166666666666667	0.153846153846154	0.142857142857143	0.133333333333333	0.125	0.117647058823529	
precision of query9:	1	0.5	0.333333333333333	0.25	0.2	0.166666666666667	0.285714285714286	0.25	0.222222222222222	0.3	0.272727272727273	0.25	0.230769230769231	0.285714285714286	0.333333333333333	0.3125	0.294117647058824	
precision:	0.4	0.25	0.2	0.25	0.24	0.2	0.2	0.1875	0.177777777777778	0.19	0.172727272727273	0.166666666666667	0.161538461538462	0.171428571428571	0.166666666666667	0.16875	0.158823529411765	

Map of query0:	0.25
Map of query1:	0.14492837010154
Map of query2:	0.200588206221386
Map of query3:	0.195480790729732
Map of query4:	0.00558659217877095
Map of query5:	0.0368885317412336
Map of query6:	0.198614802603607
Map of query7:	0.139108303792954
Map of query8:	0.603174603174603
Map of query9:	0.344940829151355
MAP:	0.211931102969518

NDCG of query0:	0	0	0	0.5	0.5	0.5	0.5	0.5	0.5	0.5	0.5	0.5	0.5	0.5	0.5	0.5	0.5	
NDCG of query1:	0	0	0	0.1596969716199	0.140386094433072	0.126631677053277	0.116153021967009	0.179675161306261	0.168232422100472	0.158594386475541	0.150324598783983	0.143122886471095	0.136774796463194	0.131122297270016	0.126045903737587	0.157889285552479	0.157889285552479	
NDCG of query2:	1	0.5	0.380093766715934	0.319393943239799	0.401694188769748	0.362337943739286	0.415103893813097	0.385270350181207	0.424419840927746	0.400104827830294	0.379241655721525	0.408980787224166	0.390840803376611	0.416015557472165	0.399909534855791	0.385338435453329	0.372071720494097	
NDCG of query3:	1	0.5	0.380093766715934	0.479090914859699	0.421158283299217	0.37989503115983	0.348459065901027	0.323415290351269	0.302818359780849	0.285469895655974	0.27058427781117	0.25762119564797	0.25762119564797	0.25762119564797	0.25762119564797	0.25762119564797	0.25762119564797	
NDCG of query4:	0	0	0	0	0	0	0	0	0	0	0	0	0	0	0	0	0	
NDCG of query5:	0	0	0	0	0	0	0	0	0	0	0	0	0.05142990516442	0.05142990516442	0.05142990516442	0.05142990516442	0.05142990516442	
NDCG of query6:	0	0.5	0.380093766715934	0.319393943239799	0.401694188769748	0.362337943739286	0.332354811355168	0.308468449618707	0.288823419128464	0.349595025482999	0.349595025482999	0.349595025482999	0.349595025482999	0.402618426414443	0.402618426414443	0.402618426414443	0.402618426414443	
NDCG of query7:	0	0	0	0.1596969716199	0.140386094433072	0.126631677053277	0.116153021967009	0.107805096783756	0.100939453260283	0.152446632853001	0.152446632853001	0.152446632853001	0.152446632853001	0.152446632853001	0.152446632853001	0.200024948795664	0.200024948795664	
NDCG of query8:	1	0.5	0.619906233284066	0.619906233284066	0.619906233284066	0.619906233284066	0.619906233284066	0.619906233284066	0.619906233284066	0.619906233284066	0.619906233284066	0.619906233284066	0.619906233284066	0.619906233284066	0.619906233284066	0.619906233284066	0.619906233284066	
NDCG of query9:	1	0.5	0.380093766715934	0.319393943239799	0.280772188866144	0.253263354106553	0.315055126391947	0.292412094130012	0.2737896239487	0.334561230303235	0.334561230303235	0.334561230303235	0.334561230303235	0.387584631234679	0.439257157398449	0.439257157398449	0.439257157398449	
NDCG:	0.4	0.25	0.21402813001478	0.287657292110296	0.290599727185507	0.273100386013557	0.276318517467932	0.271695267565528	0.267892935243058	0.280067823188511	0.275665965423998	0.276623399126653	0.27931758225755	0.291874487934076	0.294923498935573	0.301408558771082	0.300081887275159	

